500 0.000022 5000.000000
1000 0.000741 180000.000000
1500 0.002093 605000.000000
2000 0.004418 1280000.000000
2500 0.007828 2205000.000000
3000 0.010829 3380000.000000
3500 0.015378 4805000.000000
4000 0.017205 6480000.000000
4500 0.021493 8405000.000000
5000 0.027737 10580000.000000
5500 0.034485 13005000.000000
6000 0.039743 15680000.000000
6500 0.047178 18605000.000000
7000 0.056805 21780000.000000
7500 0.063561 25205000.000000
8000 0.072737 28880000.000000
8500 0.082826 32805000.000000
9000 0.093377 36980000.000000
9500 0.105463 41405000.000000
10000 0.114244 46080000.000000
