0 0.000031 0.000000
1 0.000025 1.000000
2 0.000024 4.000000
3 0.000030 9.000000
4 0.000024 16.000000
5 0.000025 25.000000
6 0.000025 36.000000
7 0.000024 49.000000
8 0.000024 64.000000
9 0.000025 81.000000
10 0.000024 100.000000
11 0.000024 121.000000
12 0.000024 144.000000
13 0.000024 169.000000
14 0.000025 196.000000
15 0.000024 225.000000
16 0.000025 256.000000
17 0.000025 289.000000
18 0.000038 324.000000
19 0.000024 361.000000
20 0.000024 400.000000
21 0.000024 441.000000
22 0.000024 484.000000
23 0.000024 529.000000
24 0.000024 576.000000
25 0.000025 625.000000
26 0.000025 676.000000
27 0.000024 729.000000
28 0.000025 784.000000
29 0.000025 841.000000
30 0.000025 900.000000
31 0.000024 961.000000
32 0.000024 1024.000000
33 0.000025 1089.000000
34 0.000025 1156.000000
35 0.000024 1225.000000
36 0.000025 1296.000000
37 0.000025 1369.000000
38 0.000025 1444.000000
39 0.000024 1521.000000
40 0.000024 1600.000000
41 0.000027 1681.000000
42 0.000024 1764.000000
43 0.000024 1849.000000
44 0.000024 1936.000000
45 0.000024 2025.000000
46 0.000024 2116.000000
47 0.000024 2209.000000
48 0.000024 2304.000000
49 0.000024 2401.000000
50 0.000024 2500.000000
51 0.000024 2601.000000
52 0.000024 2704.000000
53 0.000025 2809.000000
54 0.000024 2916.000000
55 0.000025 3025.000000
56 0.000025 3136.000000
57 0.000025 3249.000000
58 0.000025 3364.000000
59 0.000024 3481.000000
60 0.000024 3600.000000
61 0.000024 3721.000000
62 0.000025 3844.000000
63 0.000024 3969.000000
64 0.000025 4096.000000
65 0.000024 4225.000000
66 0.000025 4356.000000
67 0.000024 4489.000000
68 0.000030 4624.000000
69 0.000025 4761.000000
70 0.000025 4900.000000
71 0.000024 5041.000000
72 0.000024 5184.000000
73 0.000025 5329.000000
74 0.000025 5476.000000
75 0.000025 5625.000000
76 0.000025 5776.000000
77 0.000024 5929.000000
78 0.000028 6084.000000
79 0.000024 6241.000000
80 0.000024 6400.000000
81 0.000023 6561.000000
82 0.000022 6724.000000
83 0.000024 6889.000000
84 0.000036 7056.000000
85 0.000025 7225.000000
86 0.000023 7396.000000
87 0.000023 7569.000000
88 0.000025 7744.000000
89 0.000022 7921.000000
90 0.000022 8100.000000
91 0.000023 8281.000000
92 0.000022 8464.000000
93 0.000023 8649.000000
94 0.000023 8836.000000
95 0.000021 9025.000000
96 0.000021 9216.000000
97 0.000022 9409.000000
98 0.000022 9604.000000
99 0.000022 9801.000000
