500 0.000022 5000.000000
1000 0.000647 180000.000000
1500 0.002249 605000.000000
2000 0.006176 1280000.000000
2500 0.010201 2205000.000000
3000 0.016303 3380000.000000
3500 0.022946 4805000.000000
4000 0.021646 6480000.000000
4500 0.028833 8405000.000000
5000 0.034505 10580000.000000
5500 0.041839 13005000.000000
6000 0.051324 15680000.000000
6500 0.063590 18605000.000000
7000 0.070010 21780000.000000
7500 0.081132 25205000.000000
8000 0.095345 28880000.000000
8500 0.107086 32805000.000000
9000 0.121419 36980000.000000
9500 0.136289 41405000.000000
10000 0.153768 46080000.000000
