500 0.000004 1000.000000
1000 0.000006 2000.000000
1500 0.000007 3000.000000
2000 0.000007 4000.000000
2500 0.000008 5000.000000
3000 0.000008 6000.000000
3500 0.000006 7000.000000
4000 0.000005 8000.000000
4500 0.000003 9000.000000
5000 0.000000 10000.000000
5500 0.000017 6000.000000
6000 0.000032 12000.000000
6500 0.000056 18000.000000
7000 0.000068 24000.000000
7500 0.000082 30000.000000
8000 0.000089 36000.000000
8500 0.000109 42000.000000
9000 0.000122 48000.000000
9500 0.000136 54000.000000
10000 0.000143 60000.000000
