500 0.000001 100.000000
1000 0.000001 600.000000
1500 0.000001 1100.000000
2000 0.000001 1600.000000
2500 0.000001 2100.000000
3000 0.000001 2600.000000
3500 0.000000 3100.000000
4000 0.000004 3600.000000
4500 0.000002 4100.000000
5000 0.000000 4600.000000
5500 0.000000 5100.000000
6000 0.000004 5600.000000
6500 0.000003 6100.000000
7000 0.000000 6600.000000
7500 0.000008 7100.000000
8000 0.000000 7600.000000
8500 0.000002 8100.000000
9000 0.000001 8600.000000
9500 0.000000 9100.000000
10000 0.000002 9600.000000
