500 0.000000 50.000000
1000 0.000001 300.000000
1500 0.000001 550.000000
2000 0.000002 800.000000
2500 0.000000 1050.000000
3000 0.000003 1300.000000
3500 0.000000 1550.000000
4000 0.000004 1800.000000
4500 0.000001 2050.000000
5000 0.000005 2300.000000
5500 0.000001 2550.000000
6000 0.000002 2800.000000
6500 0.000004 3050.000000
7000 0.000001 3300.000000
7500 0.000003 3550.000000
8000 0.000005 3800.000000
8500 0.000002 4050.000000
9000 0.000001 4300.000000
9500 0.000002 4550.000000
10000 0.000000 4800.000000
